3.760229009107499820e+01 3.321602586521975553e+01
4.113450064434622533e+01 2.432506565773073959e+01
3.114147402374191032e+01 2.454517085745784399e+01
4.931097286530766866e+01 2.638037658017535136e+01
4.974333854285002587e+01 2.124325499207938961e+01
2.802407227089208774e+01 1.912029980013483765e+01
3.265160061224688093e+01 3.511071409217019834e+01
5.948219464549115543e+01 2.300254629827339414e+01
2.243353295858951668e+01 1.405393715396912491e+01
3.090076984605152077e+01 1.154994716065399807e+01
6.276350802715126775e+01 1.386856120705718531e+01
2.296592954718993340e+01 2.344422799225283782e+01
2.930025320780579179e+01 4.012181102286078271e+01
3.806815548435055518e+01 4.093997127807633518e+01
4.675698973826375493e+01 3.134195994043415823e+01
5.883253508840004997e+01 5.120314911851940209e+00
3.512826400057145548e+01 1.884307596003405649e+01
2.581174983388766009e+01 3.195962878995503331e+01
3.708430004001696290e+01 1.293482324069007561e+01
3.136985903727080682e+01 5.456651240845959983e+00
5.275400193737165466e+01 1.622216058135435190e+01
4.392700576238351573e+01 8.175297251214953320e+00
5.477475988265560147e+01 2.470099407462378238e+01
5.801200234634575281e+01 1.625474007757723882e+01
3.755263534081273491e+01 3.584929953895221288e+00
4.586251872303312638e+01 2.215260696572848786e+01
4.909859136131004220e+01 4.218178410647903220e+00
5.031722857052314168e+01 9.986357756477456604e+00
2.616630910900406093e+01 8.378722256088817488e+00
4.251058041789449504e+01 1.593145210536800604e+01
5.919589035665302390e+01 1.011654243061116176e+01
5.272077339017333486e+01 3.630125844490961207e-01
4.646954338254619898e+01 3.672062978085705254e+01
3.446787315432055721e+01 4.453329488656017077e+01
6.222591087342841121e+01 2.921799622083506165e+01
5.413043050874227191e+01 3.073198649084535106e+01
4.197870861314832780e+01 2.167016949989175600e-02
2.718041795153392925e+01 1.011157167976477034e+00
1.424760346139735212e+01 1.385891382403335292e+01
1.902561286830612985e+01 6.260240607019772696e+00
6.349384697644624254e+01 1.955142551154314035e+01
6.079203118674550410e+01 3.644666894907774690e+01
4.739460267845298347e+01 1.417637058843697062e+01
3.469655158315046606e+01 4.956327248374610406e+01
6.060477588035261221e+01 4.414070558152052826e+01
2.437756492348153969e+01 3.812826683542825634e+01
5.542962250668426094e+01 3.935478198184137710e+01
1.951694251012891712e+01 4.143708334562484197e+01
4.094101054338891288e+01 2.935683132271161710e+01
1.819099527222735446e+01 3.110606265875740561e+01
1.721561782879889435e+01 4.601952312232571529e+01
5.155952563447692683e+01 4.479402752382799235e+01
2.306404347683785971e+01 4.685802583767765839e+01
3.514496547763786083e+01 2.792457891756070509e+01
2.665846960281712796e+01 2.743965077144531861e+01
9.293789726938696205e+00 7.235205088957989972e+00
9.019616095521104882e+00 3.152394165716806285e+01
9.109392585963217215e+00 4.411003893291909606e+01
1.836711730942471732e+01 2.597458503549953690e+01
2.820472928044109295e+01 4.902802395207360320e+01
4.360552432128732647e+01 4.514163223479410902e+01
1.705543008115449766e+01 1.494755642376492943e+00
5.138667864585757883e+01 3.579710086687440196e+01
1.399173527114707838e+01 3.490091821492011803e+01
1.924752490759880885e+01 5.066685342087475874e+01
4.401276968227141317e+00 1.434543418426779837e+01
1.288587110280736070e+01 2.146438239983533336e+01
1.082339082533578178e+01 5.288577398184560252e+01
4.546535757919645704e+01 5.235326065751564784e+01
1.845308159532082826e+01 5.771016373593208471e+01
2.342624171604354189e+01 5.843728242582106702e+01
1.153305376045185149e+01 3.948524469084861011e+01
2.400374771576535338e+01 5.245987417886945536e+01
5.320510562418070322e+01 5.071505547496303734e+01
4.264878266786396921e+00 3.457360558200409884e+01
2.102722894276771726e-01 2.046707932546876307e+01
9.221488683656694718e+00 1.259302839185208001e+01
1.036998153410172208e+01 1.823590157248111021e+00
8.455291514191475954e+00 1.888908673676263916e+01
2.222065999703723804e+01 2.218875060117305065e+00
1.778842327752252217e+01 2.000136616533326617e+01
4.226627949481864022e+01 3.760515816921397914e+01
1.430486917879775888e+00 2.895551176626200274e+01
6.121705921762112013e+01 5.185562094643024267e+01
1.208430415480671449e+01 6.332270821196435406e+01
2.214227727540854929e+01 6.345320209117112142e+01
3.780563828241182200e+00 6.699279299616772043e+00
3.141775100349254046e+01 6.319831806358023840e+01
4.932283786017814720e+01 5.642576754434598030e+01
6.024501740598272370e+00 3.961752211308715488e+01
3.353332072522368179e+01 5.533515856059103299e+01
5.655729788414979708e+01 5.477653068200284281e+01
5.013619120617484270e+00 2.259261685206261561e+01
5.616904291526254411e+01 6.171707461003941120e+01
3.958190031861238367e+01 5.067545190566148960e+01
7.062946565936668364e+00 5.372327636146653873e+01
3.635467336802502558e+01 6.169135504599315567e+01
3.865507397594295469e+01 5.720325328757019179e+01
4.459413867214740179e+01 5.982588033044076781e+01
1.156194920543513049e+01 2.695476065429875234e+01
5.127653212990065157e+01 6.347637340301147191e+01
2.359412001112463741e+00 4.944599921183265678e+01
7.939141610348562139e+00 5.874237253131570924e+01
1.579576944278794137e+00 4.268749802835311158e+01
2.726653123342920537e+00 5.701973440682687055e+01
6.385390693006098672e+01 7.420620825864200576e+00
2.916782904690206379e+01 5.784991406962884497e+01
1.409234303058968152e+01 5.862781529834671090e+01
6.261785073487332909e+01 9.905867800448397986e-01
4.114586804190770408e+01 6.379795405659963592e+01
6.064837883575023625e+01 5.779676787359339585e+01
1.064598343983970352e+00 2.446162263751808119e+00
3.165059801707640119e+00 6.252436185966857352e+01
6.333907107109760659e+01 6.285306046788124945e+01
5.645974984618396775e+01 4.620560662674498076e+01
